-- This file was generated using Luraph Obfuscator v13.5.9

return(function(zR,DR,KR,qR,hR,mR,ZR,JR,RR,PR,UR,rR,QR,YR,aR,dR,jR,tR,wR,gR,ER,SR,pR,cR,HR,yR,NR,sR,nR,fR,CR,kR,WR,iV,oR,IR,eR,FR,xR,BR,i,...)local T=(FR);local G,V,XV,o,l,L,v,u,H,O,a,s,F,Y,I=pcall,tostring,0xb,nil,nil,nil,nil,nil,nil,nil,nil,nil,nil,nil,nil;repeat do if XV<=5 then if XV<=2 then do if XV<=0X0 then do Y=KR;end;XV=1;else if XV==0x1 then I=CR;break;else u=pR;XV=0X6;end;end;end;else if XV<=3 then F=gR;XV=0;else if XV~=4 then do l=nR;end;XV=4;else L=IR;XV=0XA;end;end;end;else if XV<=8 then if not(XV<=0X00006)then if XV~=7 then do a=YR;end;XV=0X0007;else s=aR;XV=3;end;else H=string.match;XV=0X0009;end;else if XV<=9 then O=oR;XV=8;else if XV~=10 then o=HR;XV=0X5;else v=sR.rep;XV=0X2;end;end;end;end;end;until false;local K=(unpack or table.unpack);local U,r,z=2^0X34,zR,(getfenv);do XV=0;end;local k,d=nil,nil;while XV<0X002 do do if XV==0 then k={[0]={[0X00]=0x00,0X00001,dR,rR,4,0x5,0X06,0x00007,0x0008,9,10,0XB,12,13,PR,0Xf},{[0x0]=1,0X0,0X3,0X2,5,4,0X7,6,9,8,fR,QR,13,0X0000C,0xF,14},{[0]=0X2,3,0,0X1,6,7,4,0x5,0X00A,0Xb,0X008,0X009,14,0Xf,0X000c,ER},{[0]=0X3,0x2,zR,NR,wR,0X6,5,0X0004,0Xb,0X000a,9,UR,0XF,0x000E,13,12},{[0X0]=0X04,5,6,0X7,0x000,0x01,0X2,3,12,0X0D,14,15,0X8,9,0x00a,0XB},{[0X0]=yR,0x00004,0X07,0X0006,1,0,0X003,dR,13,12,qR,14,0X9,0x08,11,0xa},{[NR]=6,7,hR,5,2,0X00003,0,zR,0xE,0X00f,0X0c,ER,QR,0X00B,8,9},{[0X0]=0X00007,6,5,0X4,3,dR,1,0,15,14,0X0D,12,0XB,10,JR,0X8},{[0X0]=8,0X9,10,11,0xC,ER,14,0XF,0,0X1,0x2,0x3,4,yR,6,0x7},{[0X000]=9,8,0X00B,0xA,13,0Xc,qR,0Xe,0X1,0,3,2,0X5,4,7,0x6},{[0]=10,0XB,0X8,9,14,15,12,0X00d,2,0X3,0,1,0X6,7,0X4,0x0005},{[0X0]=0XB,10,9,8,0X00f,0Xe,13,0X000C,0x3,2,zR,0X0,0X07,0X6,0X5,0X4},{[0x0]=12,13,14,15,0X00008,0X0009,0X000a,0Xb,0X004,5,6,0X0007,0X00,1,0x002,rR},{[0X0]=0X000D,0XC,15,14,0x9,8,11,10,0X5,0X04,7,0x6,zR,0,3,0x2},{[0]=0xe,15,0Xc,13,0xa,11,8,9,0x006,0X7,0X004,0x5,2,0X03,0X00,0x1},{[0]=15,0xE,0X000d,12,fR,0X000A,0x09,8,7,0X6,5,0x4,3,0X00002,1,0X00}};do XV=1;end;else do d=(z and z()or _ENV);end;XV=2;end;end;end;do XV=0x1;end;local P=nil;repeat do if XV==0X00000 then P=WR;do XV=2;end;else XV=0;end;end;until XV==0x2;XV=0X00002;local f,Q,N,AR,p=nil,nil,nil,nil,nil;repeat if not(XV<=2)then if XV<=0X03 then p=cR;do XV=0x006;end;else if XV==0X04 then Q=function()local c7=(2);local F7=(nil);repeat if not(c7<=0x0)then do if c7==1 then return F7;else do F7=L(P,r,r);end;c7=0;end;end;else r=r+1;do c7=1;end;end;until(false);end;XV=0x0;else P=F(l(P,0x005),"..",function(I9)if L(I9,0X002)~=72 then local XQ=(0);local GQ=(nil);while(true)do if XQ==0 then GQ=O(u(I9,16));XQ=0x001;else if not(f)then return GQ;else local ti=v(GQ,f);f=nil;return ti;end;break;end;end;else do for q8=0,1 do do if q8~=0 then return"";else f=u(l(I9,0x01,1));end;end;end;end;end;end);XV=0X0004;end;end;elseif XV<=0X000 then N=2147483648;XV=0X00001;else if XV==1 then AR=0x0001;XV=0X003;else do XV=0X5;end;end;end;until XV>=6;XV=0X2;local w,E,y,h,MR=nil,nil,nil,nil,nil;repeat if XV<=1 then if XV~=0 then y=w-zR;XV=0X0;else h={[0X0]=1};XV=0X0003;end;else if XV<=2 then do w=0X100000000;end;XV=4;else if XV~=3 then E=function()local LK,PK,rK,BK,DK=2,nil,nil,nil,nil;while(true)do if not(LK<=0x0)then if LK~=0X1 then PK,rK,BK,DK=L(P,r,r+0X3);LK=1;else r=r+4;LK=0X00;end;else return DK*16777216+BK*65536+rK*0x0100+PK;end;end;end;XV=0x0001;else do MR={};end;break;end;end;end;until false;local q,W=N-1,nil;for Wx=0X0,1 do do if Wx~=0x0 then W=function()local Gn,rn,tn=1,nil,nil;while true do if Gn<=0X0 then if not(tn>=N)then else tn=tn-w;end;Gn=2;else do if Gn==1 then rn,tn=E(),E();Gn=0;else return tn*w+rn;end;end;end;end;end;else do local dr=0X2;for bp=0x1,0X00001F do local Ap=0;repeat if Ap~=0 then dr=dr*2;Ap=2;else h[bp]=dr;Ap=1;end;until Ap>1;end;end;end;end;end;do XV=0X0000;end;local J,c=nil,nil;do repeat if XV~=0 then c=function()local N3,g3=nil,(nil);for zc=0,0X1 do if zc==0 then N3=E();else g3=E();end;end;if not(N3==0 and g3==0)then else return 0;end;local e3=(-zR)^J(g3,0X1F,0X1);local U3=0X1;local T3=(J(g3,20,0X00B));local b3=(J(g3,0,20)*w+N3);local Q3=1;repeat if Q3~=0X0 then do if T3==0 then do if b3==0 then return e3*0;else do T3=1;end;do U3=0;end;end;end;elseif T3~=2047 then else if b3==0X0 then do return e3*(0/0x0);end;else return e3*(1/0);end;end;end;Q3=0X0;else return e3*(dR^(T3-0X00003FF))*(b3/U+U3);end;until false;end;break;else J=function(X0,Z0,F0)local k0=nil;for bU=0X0,2 do if not(bU<=0)then if bU~=0X001 then return k0;else k0=k0-k0%1;end;else k0=(X0/h[Z0])%h[F0];end;end;end;XV=0x00001;end;until(false);end;local m=(bit or bit32);local e=(m and m[kR]or function(il,El)local Al=0;while Al<=0X1 do do if Al==0 then do il=il%w;end;Al=0X1;else El=El%w;Al=0x0002;end;end;end;local rl,Pl=nil,nil;for ED=0X000,0x0003 do do if not(ED<=1)then do if ED~=2 then do return Pl+il*rl+El*rl;end;else while il>NR and El>NR do local Ka,Sa,ca=0X0,nil,nil;repeat if not(Ka<=1)then if Ka<=0X2 then El=(El-ca)/16;Ka=5;else do if Ka~=3 then ca=El%16;Ka=0X001;else do il=(il-Sa)/16;end;Ka=0X2;end;end;end;else do if Ka==0 then do Sa=il%16;end;do Ka=4;end;else Pl=Pl+k[Sa][ca]*rl;Ka=3;end;end;end;until Ka>=0X05;rl=rl*16;end;end;end;else if ED~=0X0 then do Pl=0;end;else do rl=zR;end;end;end;end;end;end);local S=m and m.band or function(ig,bg)local Wg=0X1;while Wg<2 do if Wg~=0X0 then ig=ig%w;Wg=0X0;else bg=bg%w;Wg=2;end;end;return((ig+bg)-e(ig,bg))/2;end;local D=m and m[mR]or function(J8,C8)J8=J8%w;C8=C8%w;return y-S(y-J8,y-C8);end;local R,t=m and m.bnot or function(Y9)return y-(Y9%w);end,m and m.lshift;do XV=0X1;end;local M,Z,C=nil,nil,(nil);while XV<3 do if not(XV<=0)then if XV~=0X1 then Z=m and m.rshift;XV=0X00;else M=BR;XV=2;end;else C=eR;XV=3;end;end;for Jy=0,0X01 do if Jy==0 then t=t or function(y2,z2)if not(z2>=0X000020)then else do return NR;end;end;local t2=0;while true do if t2~=0x0000 then return(y2*h[z2])%w;else if z2<0X000 then return Z(y2,-z2);end;t2=0X0001;end;end;end;else do Z=Z or function(p0,X0)if X0>=SR then return 0X0;end;do if not(X0<0)then else do return t(p0,-X0);end;end;end;local Z0=((p0%w/h[X0]));return Z0-Z0%zR;end;end;end;end;XV=0X0;local iR,j,XR=nil,nil,(nil);while XV<=2 do if XV<=0X00000 then iR=function()local PF,sF=0,(0);do while true do local zu=L(P,r,r);r=r+1;do sF=D(sF,t(S(zu,127),PF));end;do if S(zu,0X0080)==0 then return sF;end;end;PF=PF+0x7;end;end;end;XV=0x2;else if XV~=0X0001 then j={[0x7]=0X01,[2]=0x7,[0x7]=0x9,[5]=0X006,[1]=0X00000,[0x004]=1,[0]=9,[1]=3,[0X03]=7};XV=1;else XR=function()local Gp=(iR());if not(Gp>q)then else return Gp-w;end;do return Gp;end;end;XV=3;end;end;end;local TR=(Q());local g=(DR);local uR=(Q());XV=0X4;local X,GR,x,VR,bR,lR,LR=nil,nil,nil,nil,nil,nil,nil;while XV<=0x7 do if XV<=0x0003 then if not(XV<=1)then if XV~=0X02 then XV=6;else do GR=function(j2)local d2={L(P,r,r+3)};local P2=3;local W2,z2,K2,n2=nil,nil,nil,nil;do repeat if P2<=0X1 then if P2==0X0000 then z2=e(d2[dR],uR);P2=0X01;else K2=e(d2[0X003],uR);P2=0X00002;end;else if P2==2 then n2=e(d2[0x04],uR);do break;end;else do W2=e(d2[0X1],uR);end;do P2=0;end;end;end;until false;end;P2=0;while P2<=0X1 do if P2~=0X00000 then r=r+4;P2=2;else uR=(17*uR+j2)%0X0000100;P2=0x0001;end;end;return n2*0x1000000+K2*0X0010000+z2*256+W2;end;end;do XV=1;end;end;else if XV~=0X000 then do x={0X05,4,2};end;XV=0;else VR=function(...)return T("#",...),{...};end;XV=0X7;end;end;else if not(XV<=0X00005)then if XV~=0X006 then bR=function(g5)local K5,V5=nil,nil;local m5=(0X0002);repeat if m5<=0 then V5="";do m5=0X01;end;else if m5~=0X1 then K5=E();m5=0x0;else for mo=zR,K5,0X01f3d do local Yo=(mo+0X1F3D-0x1);if Yo>K5 then Yo=K5;end;local Ko,oo=0,(nil);while Ko<=0X1 do if Ko~=0X0 then for gt=1,#oo do oo[gt]=e(oo[gt],TR);do TR=(g5*TR+237)%0X100;end;end;Ko=2;else oo={L(P,r+mo-0x01,r+Yo-0x1)};Ko=0X1;end;end;V5=V5..O(K(oo));end;do m5=3;end;end;end;until m5>=3;do m5=0;end;while-0x96A794e do if m5==0X0 then r=r+K5;m5=0X1;else return V5;end;end;end;XV=0x5;else function LR(J8,x8,U8)local e8,V8=J8[0X0001],J8[3];local E8=J8[8];local v8,t8=J8[5],(J8[0X9]);local y8,G8=J8[0x00007],J8[0x2];local w8=J8[6];local C8=(s({},{__mode='v'}));local D8=nil;if w8==0x1 then D8=function(...)local bc,Ec={},0X000;local Ic=(1);local Oc=((z and z()or _ENV));local vc=({[2]=J8,[0X1]=bc});local Sc,lc=VR(...);Sc=Sc-0X1;for op=0,Sc do if not(y8>op)then break;else(bc)[op]=lc[op+1];end;end;local ic=((Oc==d and x8 or Oc));if not t8 then lc=nil;else if E8 then(bc)[y8]={n=Sc>=y8 and Sc-y8+0X0001 or 0X0,K(lc,y8+0X1,Sc+1)};end;end;do if ic==Oc then else if not(C)then do _ENV=ic;end;else(C)(D8,ic);end;end;end;do repeat local qf=(e8[Ic]);local yf=(qf[3]);Ic=Ic+1;if yf>=0X036 then do if yf>=0X000051 then if not(yf>=0X5F)then if not(yf<88)then if yf>=0X005b then if not(yf<93)then do if yf~=94 then if bc[qf[5]]~=qf[1]then else Ic=qf[2];end;else bc[qf[0X2]]=bc[qf[5]]<bc[qf[4]];end;end;else if yf~=92 then(bc)[qf[2]]=bc[qf[0x5]]==bc[qf[0X4]];else local wP=qf[0x2];local DP,FP=bc[wP]();do if not(DP)then else(bc)[wP+1]=FP;Ic=qf[5];end;end;end;end;else if yf>=89 then if yf==0x00005A then do vc[qf[0X5]]=bc[qf[0X2]];end;else bc[qf[0X2]][qf[6]]=qf[1];end;else local d_=(qf[2]);bc[d_]=bc[d_](K(bc,d_+0X001,Ec));Ec=d_;end;end;else do if yf<0x0054 then if not(yf>=82)then repeat local We,ne=C8,(bc);if#We>0 then local p6={};do for sU,RU in Y,We do do for ze,Re in Y,RU do if not(Re[1]==ne and Re[2]>=0)then else local Ee=Re[0x00002];if not p6[Ee]then do(p6)[Ee]={ne[Ee]};end;end;Re[1]=p6[Ee];(Re)[0X2]=1;end;end;end;end;end;end;until true;local U2=(qf[0X00002]);return bc[U2](bc[U2+0x1]);else do if yf==0x053 then local bX=qf[2];local NX=(a(function(...)g();for qu,iu,su,Zu,ou,ru,hu,vu,Su,Ru in...do(g)(true,{qu,iu,su,Zu,ou,ru,hu,vu,Su,Ru});end;end));(NX)(bc[bX],bc[bX+1],bc[bX+0X00002]);Ec=bX;bc[bX]=NX;Ic=qf[5];else local YW=(qf[0X2]);do Ec=YW+qf[0X00005]-1;end;do bc[YW]=bc[YW](K(bc,YW+0X1,Ec));end;do Ec=YW;end;end;end;end;else if not(yf>=86)then if yf~=85 then do bc[qf[2]]=qf[0X6]-bc[qf[4]];end;else local ZW=(qf[2]);bc[ZW](bc[ZW+1]);Ec=ZW-0X1;end;else if yf~=0X57 then do repeat local jc,Cc=C8,(bc);if not(#jc>0X0)then else local gw={};for rY,DY in Y,jc do for fm,Em in Y,DY do if not(Em[1]==Cc and Em[0X02]>=0X0)then else local VX=(Em[2]);do if not gw[VX]then(gw)[VX]={Cc[VX]};end;end;(Em)[0X1]=gw[VX];Em[2]=1;end;end;end;end;until true;end;local ix=(qf[2]);return K(bc,ix,ix+qf[0x5]-0X2);else Ic=qf[0x5];end;end;end;end;end;else do if yf<102 then if yf>=0X62 then if not(yf>=0X000064)then if yf~=0x63 then(bc)[qf[0X2]]=vc[qf[0x5]];else if qf[4]~=0X0080 then bc[qf[0X002]]=#bc[qf[5]];else Ic=Ic-1;(e8)[Ic]={[2]=(qf[2]-0x0000c8),[3]=0x00023,[5]=(qf[0X005]-0xC8)};end;end;else if yf==101 then Ec=qf[0x2];(bc[Ec])();Ec=Ec-1;else(bc)[qf[0X0002]]=bc[qf[5]]>=bc[qf[0X0004]];end;end;else if yf<0X60 then if not(bc[qf[0X5]]<bc[qf[4]])then else Ic=qf[0X00002];end;else if yf==0X61 then local Xw=(qf[0x2]);bc[Xw]=bc[Xw](bc[Xw+0X1],bc[Xw+2]);do Ec=Xw;end;else bc[qf[0X00002]]=bc[qf[5]]/qf[0X1];end;end;end;else do if not(yf>=105)then if yf<0X67 then bc[qf[2]]=bc[qf[5]]%bc[qf[4]];else if yf==104 then if qf[4]==0X07a then do Ic=Ic-0x1;end;(e8)[Ic]={[3]=18,[2]=(qf[2]-26),[5]=(qf[5]-0X1A)};elseif qf[0X4]==118 then Ic=Ic-0x1;(e8)[Ic]={[0X5]=(qf[0X5]-0X35),[0X02]=(qf[0x002]-53),[0X003]=0x3E};else bc[qf[2]]=not bc[qf[5]];end;else do if qf[4]==0X00bE then Ic=Ic-1;(e8)[Ic]={[3]=0,[0X5]=(qf[5]-73),[0X2]=(qf[2]-0X049)};elseif qf[0X4]==0Xa1 then Ic=Ic-0x01;e8[Ic]={[0X3]=35,[2]=(qf[2]-146),[5]=(qf[0X5]-146)};else(bc)[qf[2]]=bc[qf[0X00005]];end;end;end;end;else do if not(yf<107)then if yf==108 then local kT=(qf[2]);Ec=kT+qf[5]-0X01;(bc[kT])(K(bc,kT+0x01,Ec));Ec=kT-0x001;else bc[qf[2]]=bc[qf[0X5]]>bc[qf[4]];end;else if yf~=0X6a then local P1=(qf[5]);(bc)[qf[2]]=bc[P1]..bc[P1+1];else(bc)[qf[2]]=bc[qf[5]]~=bc[qf[0X4]];end;end;end;end;end;end;end;end;else if not(yf>=67)then if not(yf<0X3c)then if yf>=0x3F then if yf>=65 then if yf~=66 then bc[qf[2]]=qf[6]*bc[qf[4]];else local Xc=(qf[5]);local cc=(bc[Xc]);do for eX=Xc+0X1,qf[0x4]do cc=cc..bc[eX];end;end;do bc[qf[0X002]]=cc;end;end;else do if yf~=64 then bc[qf[0X2]]=bc[qf[0x5]]~=qf[0X01];else(lR)[qf[0x5]]=bc[qf[2]];end;end;end;else if not(yf>=61)then local s8,R8=qf[0x2],(qf[5]);Ec=s8+R8-0x1;repeat local sd,Dd=C8,(bc);do if#sd>0 then local px=({});for me,ve in Y,sd do for dA,OA in Y,ve do if not(OA[1]==Dd and OA[0X0002]>=0X0)then else local ah=(OA[2]);do if not px[ah]then px[ah]={Dd[ah]};end;end;OA[1]=px[ah];OA[0X2]=1;end;end;end;end;end;until true;do return bc[s8](K(bc,s8+1,Ec));end;else if yf==0X3e then repeat local mT,IT,eT=C8,bc,qf[2];if#mT>0X0 then local jn={};do for hW,IW in Y,mT do for Z1,u1 in Y,IW do if u1[0X001]==IT and u1[0x2]>=eT then local OJ=u1[2];do if not(not jn[OJ])then else(jn)[OJ]={IT[OJ]};end;end;u1[0X1]=jn[OJ];u1[0X02]=1;end;end;end;end;end;until true;else local Qg=bc[qf[5]]/bc[qf[0X4]];do(bc)[qf[0X00002]]=Qg-Qg%0x00001;end;end;end;end;else do if yf>=57 then do if not(yf<58)then if yf==59 then do bc[qf[0X002]]=bc[qf[0X05]]^bc[qf[0X4]];end;else do bc[qf[0x2]]=qf[6]+bc[qf[4]];end;end;else local cA=(qf[2]);(bc[cA])(K(bc,cA+0x01,Ec));do Ec=cA-0x1;end;end;end;else if yf>=0X37 then if yf~=56 then if not(not(bc[qf[5]]<=qf[0x01]))then else Ic=qf[2];end;else local Py=qf[2];local my,gy=bc[Py]();if not(my)then else Ic=qf[0X5];bc[Py+0X00003]=gy;end;end;else bc[qf[0X2]]=bc[qf[0X0005]]-qf[0X1];end;end;end;end;else if not(yf<0X0004A)then if yf<0X004d then if yf<75 then do(bc)[qf[2]]=Z(bc[qf[5]],bc[qf[4]]);end;else if yf~=76 then local ki=(U8[qf[5]]);bc[qf[2]]=ki[0X0001][ki[2]];else bc[qf[2]]=bc[qf[5]]-bc[qf[4]];end;end;else if yf<79 then do if yf~=0X00004E then(bc)[qf[0X0002]]=bc[qf[5]][bc[qf[0X4]]];else if qf[4]==0X1c then Ic=Ic-0x1;e8[Ic]={[0X3]=86,[0X2]=(qf[0X2]-0X0000eA),[5]=(qf[0X5]-234)};else do repeat local sC,GC=C8,bc;do if#sC>0 then local kj={};for mh,Wh in Y,sC do for CX,WX in Y,Wh do if not(WX[0X1]==GC and WX[2]>=0X00)then else local EW=WX[2];do if not(not kj[EW])then else kj[EW]={GC[EW]};end;end;do WX[0X1]=kj[EW];end;do WX[2]=0X1;end;end;end;end;end;end;until true;end;return bc[qf[0X2]];end;end;end;else do if yf~=80 then local xf=(qf[2]);local df,Zf=bc[xf]();if not(df)then else for ho=0X0001,qf[0X00004]do(bc)[xf+ho]=Zf[ho];end;Ic=qf[0X5];end;else local HD=(qf[0X02]);local lD=(a(function(...)(g)();for ue in...do g(true,ue);end;end));(lD)(bc[HD],bc[HD+1],bc[HD+2]);Ec=HD;bc[HD]=lD;do Ic=qf[0X5];end;end;end;end;end;else if not(yf>=70)then do if yf>=0X000044 then do if yf~=69 then if not(bc[qf[5]]<bc[qf[4]])then Ic=qf[2];end;else if qf[6]<bc[qf[0X4]]then Ic=qf[0X2];end;end;end;else(bc)[qf[2]]=qf[0X00006];end;end;else if yf>=0X48 then if yf==73 then local aD,tD=qf[0X02],(qf[4]-1)*0X32;local sD=(bc[aD]);for mk=0x01,qf[0x5]do do sD[tD+mk]=bc[aD+mk];end;end;else(bc)[qf[0x002]]={};end;else if yf==0X47 then if qf[0X0004]~=0X000D5 then bc[qf[2]]=lc[y8+0x1];else Ic=Ic-0X1;(e8)[Ic]={[0X00002]=(qf[0X00002]-52),[3]=0x1,[5]=(qf[5]-52)};end;else repeat local sU,TU=C8,(bc);if#sU>0 then local iB=({});for Ah,Sh in Y,sU do for mx,Ox in Y,Sh do if Ox[1]==TU and Ox[2]>=0 then local JQ=(Ox[0X00002]);if not iB[JQ]then iB[JQ]={TU[JQ]};end;do Ox[1]=iB[JQ];end;do Ox[2]=1;end;end;end;end;end;until true;return bc[qf[0X2]]();end;end;end;end;end;end;end;else if yf<0x1B then if not(yf<0XD)then if not(yf>=20)then if yf<16 then do if yf<0XE then do bc[qf[2]]=bc[qf[0X00005]]+qf[0x1];end;else if yf~=0XF then(bc)[qf[2]]=bc[qf[5]]%qf[1];else do(bc)[qf[2]]=lR[qf[5]];end;end;end;end;else do if yf<0X12 then if yf~=17 then local om=U8[qf[5]];(om[0X001])[om[0x2]]=bc[qf[0X2]];else(bc)[qf[2]]=qf[0X06];end;else if yf==19 then do(bc[qf[0X0002]])[bc[qf[5]]]=qf[1];end;else do if qf[0X4]==133 then Ic=Ic-1;e8[Ic]={[0X2]=(qf[0X00002]-243),[3]=45,[5]=(qf[0X005]-243)};else(bc)[qf[0X2]]=nil;end;end;end;end;end;end;else if not(yf>=0x17)then do if not(yf>=21)then do(bc)[qf[0X02]]=bc[qf[0x5]][qf[1]];end;else do if yf~=22 then do if not(not(qf[0X6]<bc[qf[4]]))then else Ic=qf[2];end;end;else do(bc)[qf[0X0002]]=bc[qf[5]]+bc[qf[4]];end;end;end;end;end;else do if yf<25 then if yf~=24 then bc[qf[2]]=bc[qf[0X005]]/bc[qf[4]];else(bc)[qf[0X00002]]=-bc[qf[0x5]];end;else do if yf~=26 then Ec=qf[2];bc[Ec]=bc[Ec]();else do bc[qf[0X2]]=false;end;end;end;end;end;end;end;else if not(yf<6)then do if yf>=9 then if not(yf>=0xb)then if yf~=0X000a then do(bc)[qf[0X2]]=bc[qf[5]]<=bc[qf[0X004]];end;else(bc)[qf[2]]=bc[qf[0X00005]]*qf[0X1];end;else do if yf~=0X000c then local wq=(qf[0x2]);do bc[wq]=bc[wq](bc[wq+0X1]);end;Ec=wq;else local Y8=(qf[0X2]);local m8=(a(function(...)g();do for e4,F4 in...do(g)(true,e4,F4);end;end;end));m8(bc[Y8],bc[Y8+1],bc[Y8+0x00002]);do Ec=Y8;end;do(bc)[Y8]=m8;end;Ic=qf[5];end;end;end;else do if yf>=0X7 then if yf==8 then local wv=qf[2];local ev,Yv,kv=bc[wv],bc[wv+0X0001],(bc[wv+2]);bc[wv]=a(function()for CY=ev,Yv,kv do(g)(true,CY);end;end);Ic=qf[5];else(bc[qf[2]])[qf[0X6]]=bc[qf[4]];end;else local Qt,it=qf[0X02],(qf[0X0005]);if it~=0X0 then Ec=Qt+it-1;end;local It,Kt,At=nil,nil,(qf[0X4]);do if it~=1 then do It,Kt=VR(bc[Qt](K(bc,Qt+1,Ec)));end;else It,Kt=VR(bc[Qt]());end;end;if At==1 then do Ec=Qt-1;end;else do if At==0X00 then It=It+Qt-1;Ec=It;else It=Qt+At-0X0002;Ec=It+0X1;end;end;local tY=0;for FX=Qt,It do tY=tY+0x1;bc[FX]=Kt[tY];end;end;end;end;end;end;else if yf>=3 then if not(yf<0X00004)then if yf~=0X5 then(bc)[qf[2]]=qf[6]^bc[qf[4]];else do if bc[qf[5]]==bc[qf[4]]then else Ic=qf[0X00002];end;end;end;else local Bi=(qf[2]);local Ii,qi,Hi=bc[Bi]();do if not(Ii)then else(bc)[Bi+0X0001]=qi;bc[Bi+0x2]=Hi;Ic=qf[0x05];end;end;end;else if not(yf<1)then do if yf==2 then repeat local oM,KM=C8,(bc);do if not(#oM>0)then else local ui=({});for wb,Vb in Y,oM do for fN,bN in Y,Vb do if not(bN[1]==KM and bN[0X2]>=0X0)then else local AS=(bN[2]);if not(not ui[AS])then else ui[AS]={KM[AS]};end;(bN)[0X1]=ui[AS];(bN)[0X2]=0X00001;end;end;end;end;end;until true;local XJ=qf[2];return bc[XJ](K(bc,XJ+0x1,Ec));else do if qf[4]==0X51 then Ic=Ic-0X1;do e8[Ic]={[5]=(qf[5]-170),[3]=62,[2]=(qf[0X0002]-0XAA)};end;elseif qf[0X4]==249 then Ic=Ic-0X1;do(e8)[Ic]={[3]=0,[0X5]=(qf[5]-164),[0X2]=(qf[0X2]-164)};end;elseif qf[4]~=0XaD then local Jv=qf[0x00002];for N0=Jv,Jv+(qf[0X005]-1)do bc[N0]=lc[y8+(N0-Jv)+0X1];end;else Ic=Ic-0x1;(e8)[Ic]={[5]=(qf[5]-0x1),[0X3]=0X56,[0X00002]=(qf[0X2]-1)};end;end;end;end;else if qf[4]==0X00057 then do Ic=Ic-0X1;end;do(e8)[Ic]={[0x05]=(qf[0X05]-240),[0X03]=0x1D,[0X2]=(qf[0X2]-0xf0)};end;elseif qf[0x4]==235 then Ic=Ic-1;e8[Ic]={[0X3]=78,[0X05]=(qf[5]-86),[2]=(qf[0X2]-86)};elseif qf[0X4]~=0X42 then repeat local te,Ne=C8,(bc);if not(#te>0X0)then else local PW=({});for p_,w_ in Y,te do for Kg,mg in Y,w_ do if mg[1]==Ne and mg[0X0002]>=0x0 then local VY=mg[0X00002];do if not PW[VY]then(PW)[VY]={Ne[VY]};end;end;(mg)[0x0001]=PW[VY];mg[2]=0X1;end;end;end;end;until true;return;else do Ic=Ic-1;end;(e8)[Ic]={[0x3]=0X56,[0X02]=(qf[2]-58),[0x5]=(qf[0X005]-0x003a)};end;end;end;end;end;else if not(yf>=40)then do if yf>=0X21 then do if yf<36 then do if not(yf>=34)then if bc[qf[0X005]]==qf[1]then else do Ic=qf[2];end;end;else if yf==0X00023 then do if qf[0X004]~=0X00F8 then local DM=(qf[0X02]);local xM=Sc-y8;if xM<0X00 then xM=-0X001;end;for n6=DM,DM+xM do do bc[n6]=lc[y8+(n6-DM)+0X1];end;end;Ec=DM+xM;else do Ic=Ic-0X00001;end;e8[Ic]={[0X5]=(qf[5]-155),[0x2]=(qf[0X2]-0x9B),[3]=0};end;end;else if not(not(bc[qf[5]]<qf[1]))then else Ic=qf[0X2];end;end;end;end;else if yf>=0X000026 then if yf==0X27 then local PW=(qf[2]);local XW=(qf[4]-1)*0x32;local HW=(bc[PW]);for vb=0X1,Ec-PW do HW[XW+vb]=bc[PW+vb];end;else if not(not(qf[6]<=bc[qf[0x4]]))then else do Ic=qf[0x2];end;end;end;else if yf~=37 then(bc)[qf[0X00002]]={K({},1,qf[0X0005])};else local fy=(V8[qf[0X00005]]);local Zy=(nil);local ry=fy[4];local Hy=#ry;if Hy>0X000 then Zy={};do for GE=1,Hy do local qE=ry[GE];do if qE[1]==0X0 then Zy[GE-0X1]={bc,qE[0x002]};else do Zy[GE-1]=U8[qE[0X2]];end;end;end;end;end;(I)(C8,Zy);end;bc[qf[2]]=LR(fy,ic,Zy);end;end;end;end;else if not(yf<0X1E)then if not(yf>=31)then local wI=(qf[0X002]);bc[wI](bc[wI+1],bc[wI+0X2]);Ec=wI-1;else do if yf~=32 then do(bc)[qf[2]]=e(bc[qf[0x5]],bc[qf[0X4]]);end;else local yo=(qf[0X002]);local Yo=(bc[qf[0X5]]);(bc)[yo+0X1]=Yo;(bc)[yo]=Yo[qf[1]];end;end;end;else if not(yf>=28)then(bc)[qf[2]]=R(bc[qf[0X5]]);else if yf==29 then repeat local Ml,kl=C8,(bc);if#Ml>0X00 then local H6=({});do for V0,x0 in Y,Ml do do for tG,WG in Y,x0 do do if not(WG[1]==kl and WG[2]>=0)then else local eU=WG[0X0002];if not(not H6[eU])then else do H6[eU]={kl[eU]};end;end;(WG)[1]=H6[eU];do WG[0X0002]=0X1;end;end;end;end;end;end;end;end;until true;return K(bc,qf[0X00002],Ec);else do(bc)[qf[0X2]]=ic[qf[0X06]];end;end;end;end;end;end;else if not(yf>=0X2f)then do if not(yf<43)then if yf<45 then if yf==44 then if bc[qf[5]]~=bc[qf[0X04]]then else Ic=qf[0x00002];end;else ic[qf[0X06]]=bc[qf[2]];end;else if yf==46 then bc[qf[0X2]][bc[qf[0x5]]]=bc[qf[4]];else for dy=qf[0X2],qf[0X05]do do bc[dy]=nil;end;end;end;end;else do if yf>=41 then if yf~=42 then bc[qf[0X00002]]=bc[qf[5]]==qf[1];else bc[qf[2]]=t(bc[qf[0X00005]],bc[qf[4]]);end;else bc[qf[0X02]]=S(bc[qf[0X5]],bc[qf[0x4]]);end;end;end;end;else if yf>=50 then do if not(yf>=52)then if yf==0X33 then do if not(bc[qf[0X5]]<=bc[qf[4]])then else Ic=qf[0x2];end;end;else bc[qf[0x2]]=D(bc[qf[5]],bc[qf[0X4]]);end;else if yf~=0x35 then bc[qf[0X2]]=bc[qf[5]]*bc[qf[0X4]];else do if qf[4]==0xD3 then Ic=Ic-1;do(e8)[Ic]={[0X00005]=(qf[0X5]-116),[2]=(qf[2]-116),[0x3]=35};end;elseif qf[0X4]==0X3 then Ic=Ic-1;e8[Ic]={[2]=(qf[2]-117),[3]=18,[0X0005]=(qf[5]-117)};else if not(not bc[qf[0X2]])then else Ic=qf[0x005];end;end;end;end;end;end;else if not(yf<0X30)then if yf==49 then if qf[4]~=112 then do if not(bc[qf[2]])then else Ic=qf[0X5];end;end;else do Ic=Ic-0X1;end;(e8)[Ic]={[0x0005]=(qf[5]-0Xb1),[2]=(qf[0X2]-177),[3]=99};end;else bc[qf[0x2]]=true;end;else do if not(not(bc[qf[0x0005]]<=bc[qf[0x4]]))then else Ic=qf[2];end;end;end;end;end;end;end;end;until false;end;end;else D8=function(...)local Dj=({});local Pj=0X1;local Hj=((z and z()or _ENV));local vj,Aj=0X000,((Hj==d and x8 or Hj));local sj=({[2]=J8,[0X1]=Dj});local Mj,mj=VR(...);Mj=Mj-0X1;do for Fv=0,Mj do if y8>Fv then Dj[Fv]=mj[Fv+0X1];else break;end;end;end;do if not t8 then mj=nil;else if not(E8)then else(Dj)[y8]={n=Mj>=y8 and Mj-y8+0X00001 or 0,K(mj,y8+1,Mj+1)};end;end;end;if Aj~=Hj then if C then C(D8,Aj);else _ENV=Aj;end;end;while-1717379683 do local xk=e8[Pj];local hk=(xk[3]);Pj=Pj+1;do return(function(C,N,...)spawn(function()spawn(function()repeat wait();until game:IsLoaded();repeat wait();until game.Players.LocalPlayer;repeat wait();until not game.Players.LocalPlayer:FindFirstChild("Loading");repeat wait();until game.Players.LocalPlayer.Character;game.Players.LocalPlayer.Character:WaitForChild("HumanoidRootPart");_G.MapId=12;if _G.MapId==1 then MapId=8304191830;elseif _G.MapId==3 then MapId=8349889591;end;MapId=_G.MapId;make_main=function()if game:GetService("Workspace")["_map"]:FindFirstChild("namek mushroom model")and game:GetService("Workspace")["_map"]:FindFirstChild("Rope Bridge")and game:GetService("Workspace")["_map"]:FindFirstChild("namek_details")then special_site={[1]=CFrame.new(-2953.10742,91.8062057,-714.432312),[2]=CFrame.new(-2932.78955,91.8062057,-732.419312),[3]=CFrame.new(-2863.45117,93.3635941,-730.675903)};return{[1]=CFrame.new(-2941.47656,93.1049652,-695.831604),[2]=CFrame.new(-2948.55396,92.6134262,-699.003723),[3]=CFrame.new(-2948.43213,91.8062057,-703.782471),[4]=CFrame.new(-2953.02954,93.0085983,-707.37738),[5]=CFrame.new(-2957.24585,91.8062057,-711.98999),[6]=CFrame.new(-2960.73047,93.1768112,-712.330383),[7]=CFrame.new(-2961,93.9441605,-713.937134),[8]=CFrame.new(-2956.00317,92.612381,-720.915833),[9]=CFrame.new(-2960.50732,92.8111954,-721.407959),[10]=CFrame.new(-2960.1062,92.6759338,-730.539124),[11]=CFrame.new(-2951.03394,92.2436066,-730.09259),[12]=CFrame.new(-2942.91406,92.6554489,-734.205994),[13]=CFrame.new(-2938.56567,91.9895782,-737.136597),[14]=CFrame.new(-2932.55273,92.8616409,-737.50824),[15]=CFrame.new(-2924.77661,92.7684631,-737.028687),[16]=CFrame.new(-2920.61108,92.9276581,-728.10498),[17]=CFrame.new(-2915.8186,91.8062057,-728.494019),[18]=CFrame.new(-2901.54517,91.8062057,-728.046021),[19]=CFrame.new(-2915.85645,92.7415161,-728.845825),[20]=CFrame.new(-2908.43799,91.8062057,-728.808105),[21]=CFrame.new(-2908.81421,92.678093,-729.121582),[22]=CFrame.new(-2883.84033,91.7205353,-728.067505),[23]=CFrame.new(-2861.3584,93.3635941,-731.915771),[24]=CFrame.new(-2861.44336,93.3635941,-735.109985),[25]=CFrame.new(-2861.79028,93.3635941,-738.207214),[26]=CFrame.new(-2862.4502,91.7205353,-741.643738),[27]=CFrame.new(-2862.30762,91.7205353,-744.709045),[28]=CFrame.new(-2862.38403,91.7205353,-749.202942),[29]=CFrame.new(-2862.32349,94.3356628,-728.442322)};elseif game:GetService("Workspace")["_map"]:FindFirstChild("Capybara Imperial Banner")then return{[1]=CFrame.new(-3034.06787,33.7417984,-685.661194),[2]=CFrame.new(-3027.4873,33.7417984,-681.188599),[3]=CFrame.new(-3018.29858,33.7417984,-683.883789),[4]=CFrame.new(-3012.13037,33.7417984,-679.885376),[5]=CFrame.new(-3004.26367,33.7417984,-686.935547),[6]=CFrame.new(-3007.69409,33.7417984,-694.912781),[7]=CFrame.new(-3002.44067,33.7417984,-695.045654),[8]=CFrame.new(-3006.10205,33.7417984,-704.837952),[9]=CFrame.new(-3000.66846,33.7417984,-707.009766),[10]=CFrame.new(-3001.67529,33.7417984,-716.355469),[11]=CFrame.new(-2996.37695,33.7417984,-713.091064),[12]=CFrame.new(-2989.30176,33.7417984,-717.575867),[13]=CFrame.new(-2983.56055,33.7417984,-711.855042),[14]=CFrame.new(-2976.85229,33.7417984,-716.593506),[15]=CFrame.new(-2975.31128,33.7417984,-708.84491),[16]=CFrame.new(-2966.28687,33.7417984,-703.204224),[17]=CFrame.new(-2973.12256,33.7417984,-700.228699),[18]=CFrame.new(-2967.31616,33.7417984,-691.087524),[19]=CFrame.new(-2962.42212,33.7417984,-692.503967),[20]=CFrame.new(-2962.50903,33.7417984,-698.221558)};elseif game:GetService("Workspace")["_map"]:FindFirstChild("lamp")and game:GetService("Workspace")["_map"]:FindFirstChild("Snow Particles")and game:GetService("Workspace")["_map"]:FindFirstChild("flowers")then return{[1]=CFrame.new(-2864.27173,34.3469772,-123.203201,-0.741855025,0.426931739,-0.517088532,0,0.771129012,0.636678994,0.67056042,0.472323507,-0.57206583),[2]=CFrame.new(-2869.0874,34.3469772,-129.499481,-0.719113588,0.554396749,-0.418950945,0,0.602900326,0.797816515,0.694892526,0.573720694,-0.433553815),[3]=CFrame.new(-2863.2124,34.3469772,-129.005707,-0.470955938,0.596767187,-0.649668813,2.98023188e-08,0.736455083,0.676486552,0.88215673,0.31859532,-0.346837938),[4]=CFrame.new(-2860.01782,34.3469772,-116.814041,-0.659983218,0.464987963,-0.590091825,0,0.785448313,0.6189273,0.751280427,0.408481628,-0.518382668),[5]=CFrame.new(-2871.19165,34.3469772,-124.116325,-0.999790907,0.0131937386,-0.0156250577,0,0.7640481,0.645159245,0.0204503592,0.645024359,-0.763888299),[6]=CFrame.new(-2874.88379,34.3469772,-134.483673,-0.998399496,-0.0422486886,0.0375976935,1.86264493e-09,0.664791524,0.747029066,-0.0565556139,0.745833457,-0.663727462),[7]=CFrame.new(-2882.01196,34.3469772,-136.123611,-0.804558396,-0.446042657,0.392086565,0,0.660218894,0.751073301,-0.59387368,0.60428232,-0.531184554),[8]=CFrame.new(-2876.64429,34.3469772,-140.615204,-0.926245451,-0.344654173,0.152587175,0,0.404825479,0.914393961,-0.376920879,0.846953273,-0.374967754),[9]=CFrame.new(-2885.78271,34.3469772,-144.649033,-0.991173029,0.110344246,-0.073486276,0,0.554300368,0.832316756,0.132574826,0.824969947,-0.549407542),[10]=CFrame.new(-2888.97363,34.3469772,-149.763367,-0.667744279,-0.570220351,0.47850439,1.49011612e-08,0.642813444,0.766022801,-0.744390845,0.511507332,-0.429234922),[11]=CFrame.new(-2895.06738,34.3469772,-155.76561,-0.15556398,-0.684082031,0.712623179,0,0.721405745,0.692512751,-0.987825871,0.107730038,-0.112224728),[12]=CFrame.new(-2899.19775,34.3469772,-155.690002,-0.370591462,-0.699003756,0.611601055,0,0.658488035,0.752591312,-0.928795934,0.278903902,-0.244030043),[13]=CFrame.new(-2899.2207,34.3469772,-159.046051,-0.125076741,-0.766940773,0.629410744,0,0.634392619,0.773011088,-0.992147148,0.0966857076,-0.0793477446),[14]=CFrame.new(-2932.99902,34.3598976,-159.410614,-0.0922377035,0.788816512,-0.60766834,0,0.610269964,0.792193592,0.995737076,0.0730701163,-0.0562898889),[15]=CFrame.new(-2932.63818,34.3598976,-155.75,-0.350313663,0.716275573,-0.603514612,-2.98023224E-8,0.644345284,0.764734924,0.936632514,0.267897129,-0.225722894),[16]=CFrame.new(-2944.48218,34.3598976,-155.974396,-0.24050045,0.713798106,-0.657762825,0,0.677652538,0.735382318,0.970649004,0.176859781,-0.162975758),[17]=CFrame.new(-2950.65259,34.3598976,-157.507736,-0.239867151,0.873637676,-0.423345149,-7.45058149E-9,0.436076134,0.899909794,0.970805824,0.215858802,-0.10460031),[18]=CFrame.new(-2953.21167,34.3598976,-149.184448,-0.0910878107,0.871733963,-0.481438547,0,0.483448327,0.875372946,0.995842934,0.0797358081,-0.0440362468),[19]=CFrame.new(-2958.91919,34.3598976,-142.772125,-0.598538578,0.659103751,-0.455339462,0,0.568397045,0.822754502,0.801094055,0.492450297,-0.340207547),[20]=CFrame.new(-2956.66479,34.3598976,-136.3806,-0.578481019,0.604101539,-0.548106849,1.49011594e-08,0.671950042,0.740596592,0.815695822,0.42842108,-0.38871032),[21]=CFrame.new(-2962.90967,34.3598976,-134.239227,-0.51431936,0.731727183,-0.447270751,0,0.521538496,0.853227854,0.857598782,0.438831598,-0.268237323),[22]=CFrame.new(-2962.71216,34.3598976,-129.827591,-0.745765567,0.518601596,-0.418193847,-1.49011612E-8,0.627722144,0.778437436,0.666208446,0.580531836,-0.468133599)};elseif game:GetService("Workspace")["_map"]:FindFirstChild("sand_gate")and game:GetService("Workspace")["_map"]:FindFirstChild("KazekageMansion")and game:GetService("Workspace")["_map"]:FindFirstChild("desert_houses")then return{[1]=CFrame.new(-888.819214,25.3560886,312.81927),[2]=CFrame.new(-891.873657,25.3560886,310.08081),[3]=CFrame.new(-894.693298,25.3560886,313.02645),[4]=CFrame.new(-898.442505,25.3560886,310.177),[5]=CFrame.new(-902.041748,25.3560886,312.6203),[6]=CFrame.new(-905.693237,25.3560886,309.39236),[7]=CFrame.new(-910.857605,25.3560886,310.08416),[8]=CFrame.new(-918.727112,25.3560886,299.57153),[9]=CFrame.new(-919.583618,25.3560886,288.133179),[10]=CFrame.new(-922.310852,25.3560886,294.42404),[11]=CFrame.new(-910.862244,25.3560886,287.58859),[12]=CFrame.new(-902.431213,25.3560886,284.26538),[13]=CFrame.new(-893.499084,25.3560886,286.52667),[14]=CFrame.new(-886.123474,25.3560886,286.7860),[15]=CFrame.new(-890.31781,25.3560886,292.590851),[16]=CFrame.new(-880.705322,25.3560886,288.67852),[17]=CFrame.new(-877.188599,25.3560886,285.22912),[18]=CFrame.new(-872.182739,25.3560886,287.1369),[19]=CFrame.new(-870.171875,25.3560886,283.8809),[20]=CFrame.new(-864.504089,25.3560886,285.36618),[21]=CFrame.new(-861.618652,25.3560886,281.71337),[22]=CFrame.new(-851.335022,25.3560886,278.47430),[23]=CFrame.new(-851.529907,25.3560886,266.45446),[24]=CFrame.new(-852.172607,25.3560886,256.04617),[25]=CFrame.new(-857.917786,25.3560886,246.69036),[26]=CFrame.new(-868.900452,25.3560886,243.49191),[27]=CFrame.new(-881.851868,25.3560886,239.93464),[28]=CFrame.new(-881.758911,25.3560886,243.745224)};elseif game.Workspace._map:FindFirstChild("ice spikes")and game.Workspace._map:FindFirstChild("deco")and game.Workspace._map:FindFirstChild("marine ships")then special_site={[1]=CFrame.new(-2578.7998,25.2108727,-71.4303818,-0.99369204,-0.0991008505,0.052489765,0,0.468059123,0.883697212,-0.112143449,0.878122866,-0.465106606),[2]=CFrame.new(-2569.78638,25.2108727,-60.9539375,-0.835975111,-0.501998305,0.22168301,1.49011594e-08,0.403965354,0.914774358,-0.548767388,0.764728606,-0.337704957),[3]=CFrame.new(-2591.03442,25.2108727,-72.6774368,0.164619744,0.97413671,-0.154784068,0,0.156924993,0.987610519,0.986357152,-0.162580192,0.0258329473)};return{[1]=CFrame.new(-2554.80786,25.2108727,-33.92659),[2]=CFrame.new(-2554.17554,25.2108727,-38.7473068),[3]=CFrame.new(-2560.15771,25.5368252,-44.7406883),[4]=CFrame.new(-2561.48657,25.2108727,-53.5262833),[5]=CFrame.new(-2565.35938,25.2108727,-53.2064171),[6]=CFrame.new(-2566.65601,25.2108727,-62.9173927),[7]=CFrame.new(-2566.2439,25.2108727,-68.8562317),[8]=CFrame.new(-2572.51855,25.2108727,-71.0133133),[9]=CFrame.new(-2576.9668,25.2108727,-74.0925446),[10]=CFrame.new(-2574.28003,25.2108727,-76.8723221),[11]=CFrame.new(-2583.47827,25.2108727,-75.6807251),[12]=CFrame.new(-2582.70923,25.2108727,-79.4606705),[13]=CFrame.new(-2591.32422,25.2108727,-74.6964722),[14]=CFrame.new(-2595.21753,25.2108727,-76.72995),[15]=CFrame.new(-2598.67627,25.2108727,-69.0792389),[16]=CFrame.new(-2601.93848,25.2108727,-72.0851746),[17]=CFrame.new(-2606.16772,25.2108727,-59.0579453),[18]=CFrame.new(-2611.36279,25.2110252,-60.7322578),[19]=CFrame.new(-2608.96558,25.2108727,-46.9342575),[20]=CFrame.new(-2613.11328,25.2108727,-47.9323158),[21]=CFrame.new(-2612.32568,25.2109718,-35.7049026),[22]=CFrame.new(-2615.96338,25.2111034,-38.6240845),[23]=CFrame.new(-2624.30884,25.2108727,-27.9647064),[24]=CFrame.new(-2620.14038,25.2108727,-25.5488377),[25]=CFrame.new(-2635.07544,25.2108727,-25.4312706),[26]=CFrame.new(-2635.35156,25.2108727,-21.580307),[27]=CFrame.new(-2650.177,25.2108727,-35.4669685),[28]=CFrame.new(-2659.16406,25.2108727,-41.5690308),[29]=CFrame.new(-2659.10522,25.2108727,-45.7508545),[30]=CFrame.new(-2644.68481,25.2108727,-31.6157379)};elseif game:GetService("Workspace")["_map"]:FindFirstChild("Helicopter Pad")and game:GetService("Workspace")["_map"]:FindFirstChild("Crashed Heli")then special_site={[1]=CFrame.new(-2998.13403,58.5851326,-50.4914322,0.894601226,0.408932239,-0.18017526,-1.49011612E-8,0.403198063,0.915112734,0.44686541,-0.818660975,0.360701472),[2]=CFrame.new(-3002.57227,58.5851326,-58.7121353,-4.65661287E-10,0.999198079,-0.0400392935,-0.113422439,0.0397809148,0.992750108,0.993546844,0.00454135472,0.113331489),[3]=CFrame.new(-3003.3562,58.5851326,-76.0251236,-0.281234115,0.933100343,-0.22412321,0,0.233549461,0.972344995,0.959639192,0.273456573,-0.0656820759)};return{[1]=CFrame.new(-2975.56982,58.5851326,-42.6634521,0.0150410347,0.737893403,-0.674749672,4.65661287e-10,0.674825966,0.737976909,0.99988687,-0.0110999364,0.0101500815),[2]=CFrame.new(-2975.66162,58.5851326,-37.86343,-0.114256509,0.753654778,-0.647263646,0,0.651530385,0.758622706,0.993451357,0.0866775811,-0.0744415745),[3]=CFrame.new(-2984.64673,58.5851326,-46.1009865,0.687495947,0.615568101,-0.385260195,-1.49011612E-8,0.530523896,0.847670078,0.726188302,-0.582769752,0.364732981),[4]=CFrame.new(-2991.44727,58.5851326,-42.0464249,0.398693323,0.810829639,-0.428484559,0,0.467224836,0.884138525,0.917084396,-0.352500141,0.186279401),[5]=CFrame.new(-2999.62329,58.5851326,-41.1812401,0.512949407,0.813868701,-0.272948414,0,0.317966491,0.948102057,0.858418882,-0.486328393,0.163100705),[6]=CFrame.new(-3004.20581,58.5851326,-50.2170448,0.991228104,-0.114126123,0.0666499436,-3.72529074E-9,0.504302144,0.863527238,-0.132162735,-0.855952442,0.499878407),[7]=CFrame.new(-2995.96069,58.5851326,-48.3619881,0.742683649,0.511532366,-0.432152331,1.4901163e-08,0.645347834,0.763888776,0.669642448,-0.567327678,0.479289293),[8]=CFrame.new(-3010.53125,58.5851326,-59.4336777,0.965331495,0.232125238,-0.119386032,-7.4505806E-9,0.457370281,0.889276385,0.261027098,-0.858446479,0.441513926),[9]=CFrame.new(-3006.9978,58.5851326,-69.1912842,0.811101615,-0.536640644,0.23266083,0,0.397775203,0.917482913,-0.584905326,-0.744171858,0.322636098),[10]=CFrame.new(-3001.87939,58.5851326,-61.1197815,0.256722629,0.736142337,-0.626249194,-1.49011612E-8,0.647965729,0.761669517,0.966485202,-0.195537791,0.166347444),[11]=CFrame.new(-3010.75708,58.5851326,-79.483429,-0.563938141,-0.798679948,0.209962368,0,0.254248053,0.967139125,-0.825816989,0.54540664,-0.14338018),[12]=CFrame.new(-3004.50024,58.5851326,-85.889679,-0.546119511,-0.822208047,0.160397783,0,0.191472352,0.981498063,-0.837707281,0.536015213,-0.104566783),[13]=CFrame.new(-2996.46265,58.5851326,-90.412323,0.473308325,0.851845622,-0.224362314,0,0.254697621,0.96702081,0.880896866,-0.457699001,0.120550498),[14]=CFrame.new(-2988.17407,58.5851326,-86.9505539,-0.111406162,0.802834749,-0.585700631,-3.7252903E-9,0.589369535,0.807863712,0.99377501,0.0900009945,-0.0656593814),[15]=CFrame.new(-2976.12158,58.5851326,-91.1296082,0.248526827,0.762485385,-0.59736973,0,0.616719306,0.787183225,0.968625069,-0.195636153,0.153271288),[16]=CFrame.new(-2976.36401,58.5851326,-86.1230087,-0.13725546,0.791924596,-0.594992876,0,0.600677907,0.799491167,0.990535736,0.109734528,-0.0824463144),[17]=CFrame.new(-2964.31445,58.5846252,-85.0453796,-7.43116194E-4,-0.920755029,0.390140712,2.9103827e-11,0.390140831,0.920755267,-0.999999762,0.000684228144,-2.89919961E-4),[18]=CFrame.new(-2964.64429,58.5847321,-91.5382843,0.64424789,-0.661968112,0.383070469,0,0.500865698,0.865525007,-0.764816821,-0.557612658,0.322681636),[19]=CFrame.new(-2951.51685,58.5847473,-93.0029144,0.990849853,0.132605582,-0.0251464806,1.86264515e-09,0.186313242,0.98249042,0.134968832,-0.97350049,0.184608445),[20]=CFrame.new(-2943.10596,58.5845261,-100.769341,0.998871624,0.0413072072,-0.0234374851,1.86264537e-09,0.493491769,0.86975044,0.0474931709,-0.86876905,0.492934883),[21]=CFrame.new(-2945.62231,58.5845909,-111.363579,0.945924759,-0.274957269,0.172118694,0,0.530598283,0.847623527,-0.32438609,-0.801788092,0.501906037),[22]=CFrame.new(-2943.65967,58.5845757,-122.045715,0.995380759,-0.0745071322,0.0605474077,0,0.630657732,0.776061237,-0.0960067734,-0.772476435,0.627744496),[23]=CFrame.new(-2946.96851,58.5846634,-131.230988,0.984682262,-0.135787532,0.109373681,0,0.627292275,0.778783977,-0.174358413,-0.766854763,0.617683589),[24]=CFrame.new(-2938.31201,58.5845566,-137.947281,0.908665299,0.336754292,-0.246828109,0,0.591169,0.806547761,0.41752553,-0.732881963,0.537174642),[25]=CFrame.new(-2930.07324,58.5845718,-144.312836,0.505807757,-0.831490993,0.229742154,7.4505806e-09,0.266322583,0.963884056,-0.862646282,-0.487540036,0.134708017),[26]=CFrame.new(-2918.24292,58.58461,-144.965668,0.762445211,0.549716651,-0.341304958,0,0.527476192,0.849569857,0.647052944,-0.647750497,0.402171642),[27]=CFrame.new(-2918.44922,58.5846176,-140.471573,0.467590392,0.808895111,-0.356437922,0,0.403235286,0.915096402,0.883945227,-0.427890271,0.188548952),[28]=CFrame.new(-2905.3186,58.5851288,-144.801483,0.681531489,0.599321008,-0.419915825,1.49011594e-08,0.573821068,0.818980813,0.731788814,-0.558161199,0.391077131),[29]=CFrame.new(-2905.34473,58.5851288,-140.202576,0.368331313,0.814647377,-0.447975338,-2.98023224E-8,0.481852174,0.876252592,0.929694653,-0.322751254,0.177481249),[30]=CFrame.new(-2901.47778,71.7822647,-138.590225,0.166731372,0.778958082,-0.604503989,0,0.613085806,0.790016353,0.986002445,-0.131720513,0.102220625),[31]=CFrame.new(-2890.47974,58.5849648,-140.553757,0.831179261,-0.453950822,0.321044773,1.49011612e-08,0.577413917,0.816451609,-0.556004584,-0.678617656,0.479934454),[32]=CFrame.new(-2878.1228,58.5849648,-130.772614,-0.903434396,0.340506285,-0.260503024,0,0.607620716,0.794227481,0.428726405,0.717532396,-0.548945427)};elseif game:GetService("Workspace")["_map"]:FindFirstChild("more castle")and game:GetService("Workspace")["_map"]:FindFirstChild("castle top")and game:GetService("Workspace")["_map"]:FindFirstChild("Gate")then special_site={[1]=CFrame.new(-191.54332,134.386047,-773.850647,0.692691326,0.664046764,-0.281461686,0,0.390250087,0.920708954,0.721234202,-0.637767136,0.270322829),[2]=CFrame.new(-197.570847,132.664001,-758.746826,-0.627289414,0.728821814,-0.274457246,0,0.352416664,0.935843229,0.778786242,0.587044537,-0.22106725),[3]=CFrame.new(-179.941727,132.663986,-743.674683,0.0721391961,0.822818816,-0.563706636,3.7252903e-09,0.565179169,0.824968219,0.997394562,-0.0595125481,0.0407715701)};return{[1]=CFrame.new(-197.00029,132.675659,-780.617615,0.983933091,0.159602508,-0.0800176114,7.4505806e-09,0.448182851,0.893941998,0.178537875,-0.879579127,0.440981895),[2]=CFrame.new(-191.029022,132.675659,-781.523987,0.992240012,0.0830040574,-0.0925749391,0,0.744546175,0.667571068,